Connected to bribrain_knowledge_base_hnsw
Fetching a sample vector to use as query...
Running EXPLAIN ANALYZE...
Limit  (cost=2432.09..2473.87 rows=10 width=24) (actual time=0.926..1.352 rows=10 loops=1)
  Buffers: shared hit=336
  ->  Index Scan using "idx_EdgeType_relationship_name_vector_halfvec_hnsw" on "EdgeType_relationship_name"  (cost=2432.09..129210.63 rows=30339 width=24) (actual time=0.925..1.350 rows=10 loops=1)
        Order By: ((vector)::halfvec(3072) <=> '[-0.038024902,0.016830444,-0.013435364,-0.010131836,0.023880005,0.023605347,-0.005203247,0.008735657,-0.02909851,0.029525757,0.015556335,-0.02293396,-0.016342163,-0.017349243,0.0110321045,0.022491455,0.019897461,-0.0015678406,-0.0048675537,-0.009300232,0.012672424,-0.018936157,0.04269409,-0.046905518,0.022399902,0.027297974,-0.025238037,-0.0020332336,-0.023147583,-0.018692017,0.025802612,-0.014854431,0.03274536,0.06298828,-0.04156494,0.016983032,0.019592285,0.021469116,-0.0022182465,-0.009918213,0.043823242,-0.008163452,-0.04144287,0.05621338,-0.025894165,0.02268982,0.014205933,-0.010353088,-0.045684814,0.017425537,0.008049011,-0.017074585,0.016799927,0.03756714,-0.016525269,0.009292603,0.006259918,0.037139893,-0.019439697,-0.019424438,-0.05230713,0.015808105,0.023544312,0.011764526,0.028930664,-0.036499023,0.01979065,0.0036773682,-0.050933838,0.013908386,-0.02192688,0.0034236908,0.008666992,0.015586853,-0.0051956177,0.011520386,0.029449463,0.016159058,0.029968262,0.0014858246,0.022979736,0.033233643,0.010322571,0.02017212,-0.032714844,0.015960693,-0.017623901,-0.08520508,-0.023895264,-0.009216309,0.040924072,0.004989624,-0.0124053955,-0.0095825195,0.015426636,-0.02961731,0.029251099,0.008865356,-0.047454834,0.064453125,-0.037322998,0.0017385483,-0.013656616,0.0029659271,0.004283905,0.020355225,-0.030456543,0.004798889,-0.024658203,0.020217896,-0.032073975,2.783537e-05,-0.01586914,0.016220093,0.016494751,0.04309082,-0.031051636,-0.012565613,-0.011131287,0.006160736,-0.032928467,-0.064697266,-0.020645142,-0.04727173,0.005718231,-0.008148193,0.016494751,0.018096924,0.01146698,0.048736572,-0.0158844,-0.020462036,0.038024902,-0.008476257,0.010154724,0.021362305,0.028045654,-0.0014820099,0.011329651,0.024993896,-0.041107178,-0.060272217,-0.004501343,-0.017150879,0.006919861,0.02658081,0.015686035,-0.027755737,0.009117126,0.001537323,-0.007598877,-0.004085541,0.022827148,-0.013389587,-0.010192871,0.007411957,0.0075263977,-0.017150879,0.015899658,0.057495117,0.0035095215,0.04269409,0.024810791,-0.048187256,-0.048431396,-0.0028266907,0.015068054,-0.04776001,-0.048919678,0.021820068,0.0044822693,-0.022109985,-0.0050354004,-0.0030937195,-0.04562378,-0.00793457,0.007369995,-0.033599854,-0.022369385,-0.012367249,-0.008178711,-0.013809204,0.0009469986,0.016784668,-0.022399902,0.0037593842,0.041900635,-0.015327454,-0.011909485,-0.010910034,-0.0062065125,0.008010864,0.01638794,0.018844604,0.047210693,-0.00217247,0.008865356,0.00381279,0.009414673,-0.02609253,0.02796936,-0.036102295,0.03137207,0.027511597,0.0018606186,0.018692017,0.015625,-0.017669678,0.012619019,0.014015198,0.01889038,-0.0017900467,-0.013160706,0.00040364265,0.005722046,0.020126343,0.014228821,-0.03253174,0.005142212,0.00030875206,0.01361084,0.01096344,0.062561035,0.018707275,0.021514893,0.00793457,-0.021118164,0.023468018,-0.02142334,0.042907715,0.028656006,0.03768921,-0.0076065063,-0.0041999817,-0.02758789,-0.006034851,0.0079193115,-0.015602112,-0.029968262,0.0034542084,-0.0013923645,0.013313293,-0.024230957,0.012062073,0.016296387,-0.03894043,-0.008712769,-0.0121154785,-0.0014104843,-0.044677734,-0.007904053,-0.026504517,0.015129089,0.019332886,0.010948181,0.004299164,0.034942627,-0.026306152,0.03164673,0.022415161,0.0028266907,0.014533997,-0.030761719,0.0066375732,-0.0025482178,0.008804321,0.029968262,-0.03265381,-0.016448975,0.0018310547,0.041290283,0.0017690659,-0.00047445297,0.04269409,0.0037631989,0.015701294,-0.0066947937,-0.03475952,0.043518066,0.018920898,0.018997192,0.019439697,-0.0011892319,-0.00044226646,-0.036865234,0.041259766,0.009475708,0.025100708,-0.009605408,0.021820068,-0.0003914833,0.0011901855,0.014793396,0.027740479,0.022109985,0.050628662,0.0023975372,0.003068924,-0.013153076,-0.011779785,0.022628784,0.008216858,-0.038146973,-0.025878906,0.029876709,0.019897461,0.005050659,0.0008087158,-0.0309906,-0.0234375,0.04208374,-0.01348114,-0.032684326,0.019638062,-0.048309326,0.007297516,-0.022918701,0.017684937,0.03164673,-0.0041122437,-0.0033550262,0.019088745,-0.050842285,0.007133484,-0.016220093,-0.020080566,0.019958496,-0.017929077,-0.009414673,-0.03466797,0.0012817383,-0.0096206665,-0.006591797,-0.0004954338,-0.016708374,-0.0025405884,0.019958496,0.00881958,0.013534546,-0.014518738,-0.016616821,-0.04776001,-0.0124435425,0.00793457,0.00021636486,0.017593384,-0.03173828,-0.008392334,-0.0056152344,-0.072143555,0.00072050095,0.018249512,0.032043457,-0.011726379,0.011436462,-0.072387695,-0.04977417,-0.031280518,-0.010643005,0.042175293,0.0008716583,-0.024246216,0.025680542,0.019424438,0.051208496,-0.006877899,-0.02444458,0.03967285,-0.009750366,-0.01574707,-0.016418457,0.028533936,-0.0068893433,-0.018447876,0.002292633,0.0065727234,0.012367249,0.0042533875,0.017364502,0.019989014,-0.010978699,-0.032104492,-0.023147583,0.0028362274,-0.0032348633,-0.028564453,0.003227234,-0.009689331,0.009857178,-0.00819397,0.016235352,0.035064697,-0.012321472,-0.050811768,-0.0023822784,0.022277832,-0.036346436,-0.00023388863,0.040405273,-0.030136108,-0.010231018,-0.034698486,0.002670288,-0.017868042,-0.0049743652,-0.033325195,-0.019348145,-0.039916992,0.011695862,-0.00806427,-0.03503418,-0.025817871,-0.02482605,0.004146576,0.017166138,-0.017944336,0.04260254,0.010063171,0.0010442734,-0.016555786,-0.00868988,0.002073288,0.022903442,0.04196167,0.007633209,0.02394104,-0.03036499,-0.0064582825,-0.010810852,0.00059986115,-0.0018692017,0.0357666,0.027648926,0.016326904,0.005844116,-0.016601562,0.039154053,-0.0011062622,-0.020385742,0.005962372,0.025039673,0.037963867,-0.018920898,0.039276123,0.03930664,0.015686035,0.018234253,-0.015487671,0.014595032,0.012619019,-0.007671356,-0.028213501,-0.04824829,-0.0052833557,-0.028244019,-0.023513794,-0.020233154,0.00579834,0.03152466,-0.04046631,-0.036865234,-0.0018234253,-0.037353516,0.002161026,0.030593872,-0.04864502,-0.044525146,-0.010429382,0.018096924,0.027053833,-0.025253296,0.0063171387,0.020935059,-0.00016331673,0.014404297,0.030395508,0.012260437,0.016143799,-0.030975342,0.035858154,0.023117065,0.0032196045,0.007247925,0.01436615,0.038330078,0.008369446,0.016448975,0.013946533,-0.06439209,0.041168213,0.010871887,0.006401062,-0.04135132,-0.024353027,-0.012161255,-0.020370483,-0.022232056,0.016036987,0.003932953,-0.036346436,-0.0035266876,0.05267334,0.0046195984,-0.019363403,0.009689331,0.017593384,-0.0104522705,0.0385437,-0.018569946,-0.0042762756,-0.0078086853,-0.008865356,-0.0055351257,0.017990112,0.019012451,0.031143188,0.029022217,-0.012428284,-0.03164673,-0.009391785,-0.015457153,0.025466919,0.0052337646,-0.025543213,-0.0063095093,-0.020980835,0.022064209,0.003162384,-0.03186035,-0.024002075,0.018493652,0.013122559,0.021728516,-0.0340271,0.0019683838,0.036865234,0.016174316,0.01210022,-0.010269165,-0.026565552,0.0017290115,0.02293396,0.0036640167,-0.052337646,-5.3226948e-05,0.01600647,0.029815674,-0.01725769,0.0073547363,0.018539429,-0.014228821,0.0052986145,0.0072784424,0.035247803,0.031921387,0.031555176,0.034210205,-0.016418457,-0.0074691772,0.010009766,0.010574341,0.022598267,0.019515991,-0.008094788,0.005077362,0.024597168,0.00957489,0.002527237,0.013671875,-0.012916565,0.009567261,-0.0034217834,-0.007499695,-0.01260376,-0.015136719,0.0057868958,0.0036373138,0.034484863,-0.008583069,-0.025009155,-0.003932953,0.0127334595,-0.0074691772,0.022994995,0.006252289,0.0076560974,0.04208374,-0.038116455,0.02331543,-0.0016813278,0.012275696,-0.008087158,0.042541504,-0.005596161,0.007888794,-0.0058403015,0.022644043,0.018814087,-0.0037021637,-0.018600464,-0.020095825,-0.020446777,0.010864258,0.03781128,0.024627686,0.021987915,0.02973938,0.023330688,0.032806396,0.018966675,0.03036499,0.0017223358,0.018981934,0.015792847,-0.0027599335,-0.0007147789,0.021575928,0.00365448,-0.0064201355,0.031982422,0.003189087,-0.03665161,0.029052734,0.005420685,0.011146545,0.01108551,0.011497498,-0.022583008,0.009963989,0.028778076,-0.013168335,0.024017334,-0.011764526,-0.01158905,-0.0025291443,-0.018798828,-0.037628174,-0.022766113,0.007411957,0.012039185,0.025360107,-0.03250122,-0.019042969,0.022384644,-0.016784668,-0.0030841827,-0.0018234253,0.023040771,-0.013313293,-0.0013628006,0.013656616,0.025054932,0.03074646,0.0042877197,-0.02067566,-0.00017499924,-0.017837524,0.021942139,-0.011878967,-0.0075912476,0.0003836155,0.021270752,-0.010787964,-0.029266357,-0.0055885315,0.014984131,-0.0030574799,-0.0057258606,0.014160156,-0.010414124,-0.010932922,-0.053985596,-0.03640747,-0.009170532,-0.013313293,0.018188477,-0.013298035,-0.015510559,-0.0064849854,0.020858765,-0.053588867,-0.00919342,0.0087509155,-0.016479492,0.0119018555,-0.0141067505,-0.0070266724,0.029327393,0.0035896301,0.017425537,-0.03164673,-0.02053833,-0.0034618378,-0.027297974,0.037506104,-0.042114258,0.007045746,-0.023910522,-0.00086307526,0.012550354,-0.004146576,-0.0390625,-0.0071754456,-0.0014896393,0.030227661,0.021484375,0.0027999878,-0.0074272156,0.0206604,0.009521484,0.023345947,-0.028671265,-0.008293152,0.009231567,0.007549286,0.0067634583,0.037475586,0.01687622,0.009124756,0.024047852,0.013031006,0.017044067,0.001250267,0.015586853,-0.01751709,0.019104004,0.016983032,-0.021209717,0.022369385,0.010284424,0.009185791,-0.0137786865,0.0082473755,0.012016296,-0.005420685,0.018432617,0.012634277,-0.009567261,-0.00048971176,-0.007534027,-0.007205963,-0.015792847,-0.013191223,-0.03363037,0.012687683,0.007282257,0.027008057,-0.020339966,-0.042297363,0.0008049011,0.0032215118,-0.009880066,-0.008003235,-0.006175995,0.017425537,0.018249512,-0.019744873,0.015586853,0.014389038,0.046081543,-0.0060157776,0.0034217834,-0.018310547,-0.0026493073,0.03970337,-0.015792847,0.010223389,-0.039886475,-0.013442993,-0.025024414,0.022842407,0.019485474,-0.002090454,-0.013137817,0.036254883,-0.011734009,-0.0063285828,0.005622864,0.0019321442,-0.015617371,0.027511597,-0.0023765564,0.019866943,0.0046844482,0.022033691,0.007041931,-0.02482605,-0.028015137,-0.009605408,-0.0008583069,-0.016845703,0.004962921,-0.009880066,0.0012693405,0.035980225,-0.029647827,0.011749268,-0.00046992302,0.0068740845,0.009719849,0.027893066,0.015899658,-0.0032482147,0.005542755,-0.04724121,0.020736694,-0.005657196,0.0073547363,-0.03817749,0.03579712,-0.006752014,-0.0077781677,-0.026733398,0.00390625,0.0031852722,-0.012428284,0.0018815994,-0.0060920715,0.021118164,-0.023742676,0.0072135925,-0.025360107,-0.02381897,-0.0017118454,-0.00061035156,0.017578125,0.01838684,0.03375244,0.0019359589,-0.0072364807,0.010406494,-0.022537231,0.026992798,-0.004131317,-0.034851074,0.00056028366,0.023208618,-0.0009045601,0.021057129,0.042419434,0.030303955,-0.010101318,-0.027923584,-0.027786255,-0.016983032,-0.01687622,0.008384705,0.0015678406,0.0008196831,0.014404297,0.00018751621,0.02029419,-0.034606934,0.017974854,-0.042816162,-0.029769897,0.017745972,-0.024734497,0.04385376,0.018722534,-0.04107666,0.0026187897,-0.019134521,-0.0009045601,-0.0016765594,0.014556885,-0.008804321,-0.045562744,-0.0064926147,-0.024520874,-0.009796143,-0.022918701,-0.0006098747,0.0037879944,-0.016845703,0.011024475,0.024887085,0.008514404,0.008026123,-0.018875122,0.007865906,-0.0015487671,-0.027664185,-0.026245117,0.042022705,-0.0056648254,0.014266968,0.02027893,-0.01461792,0.00057029724,0.018463135,-0.0019950867,0.0024490356,-0.032043457,-0.0016756058,0.01939392,0.0036506653,0.0014734268,0.0060691833,-0.00033044815,0.0008354187,0.010871887,-0.031463623,-0.020187378,0.00687027,0.01637268,0.025115967,-0.015701294,-0.031799316,-0.010314941,-0.040405273,-0.0053367615,-0.010948181,0.01285553,0.0024738312,-0.0053253174,-0.051116943,0.062347412,-0.00983429,0.0027694702,0.0059890747,0.02116394,-0.007583618,-0.0023765564,0.0022659302,0.043884277,-0.01486969,0.014144897,0.0010051727,0.0011463165,0.0070724487,-0.027008057,-0.0044784546,0.04421997,-0.007369995,0.020492554,0.0048980713,0.012184143,0.0039405823,-0.0418396,0.015083313,0.026748657,0.0057296753,-0.06665039,0.007911682,0.002506256,-0.013168335,0.0087509155,-0.016815186,-0.01789856,0.0043907166,-0.006702423,-0.018096924,-0.0056419373,-0.008880615,-0.0044937134,-0.021850586,-0.039916992,-0.011405945,0.009887695,0.0020599365,0.003320694,-0.004459381,0.0016460419,-0.016937256,-0.0035705566,-0.007160187,0.022705078,0.020080566,0.013313293,-0.045166016,0.06542969,0.003227234,-0.0054473877,0.01701355,-0.04763794,0.0005865097,-0.013755798,-0.022415161,0.005809784,0.025802612,0.021820068,-0.012138367,0.004119873,-0.01927185,0.012123108,-0.0014152527,-0.012756348,-0.037231445,0.020126343,-0.013328552,-0.016113281,-0.042114258,0.009986877,0.0073165894,-0.0058631897,-0.030426025,0.006084442,-0.013717651,-0.028320312,0.0067214966,0.032226562,0.018844604,-0.028884888,0.023376465,0.012619019,-0.030654907,0.01727295,0.006629944,0.021377563,0.011566162,0.02760315,0.016235352,-0.028533936,0.027557373,-0.035339355,0.02053833,-0.02708435,0.01574707,0.007972717,-0.00033450127,-0.0010595322,-0.026000977,0.012802124,0.006286621,0.008628845,-0.0065078735,-0.013412476,0.017333984,-0.0034160614,-0.01486969,0.0032596588,0.004863739,0.021514893,0.01285553,-0.000995636,0.038970947,-0.043151855,-0.016784668,0.018005371,0.04446411,0.012771606,0.012229919,0.010475159,-0.0044784546,-0.008758545,-0.006389618,0.040649414,0.011924744,0.037963867,-0.0075912476,-0.020889282,0.03475952,0.0071258545,0.014381409,-0.019378662,-0.0029506683,0.021530151,0.013130188,0.005176544,0.004135132,-0.015213013,0.0003619194,-0.007194519,0.015457153,-0.0065994263,0.004940033,-0.026550293,-0.009315491,6.651878e-05,0.00013875961,-0.018432617,-0.0019340515,0.0016450882,0.006439209,0.011161804,0.0056762695,-0.00077962875,-0.00073480606,0.0010538101,-0.0015792847,-0.01864624,0.018371582,0.010169983,-0.008781433,-0.03604126,0.0077552795,0.008331299,0.0036773682,-0.021026611,-0.019744873,0.0031528473,-0.028289795,0.009147644,-0.004009247,-0.015716553,0.001627922,0.014022827,-0.022369385,-0.015571594,-0.004524231,-0.033935547,-9.292364e-05,-0.006450653,0.024093628,0.016113281,-0.003211975,0.02835083,-0.00932312,-0.010116577,0.015396118,-0.01084137,0.046417236,0.03387451,0.036743164,0.020507812,0.0036697388,0.022827148,0.02079773,0.00045347214,0.011077881,-0.022369385,0.00674057,-0.01084137,0.010375977,0.015327454,-0.00015413761,-0.008453369,0.025421143,0.0033226013,-0.018096924,0.0057792664,0.0035037994,0.017425537,0.006855011,0.0121536255,-0.043762207,-0.0042533875,0.016571045,-0.015586853,-0.021392822,0.00086832047,0.017059326,0.0023174286,-0.026901245,0.0023612976,-0.006061554,0.011016846,-0.032196045,0.012809753,-0.019256592,-0.0064468384,0.0045700073,-0.00071668625,0.0053520203,0.031341553,0.01663208,-0.024780273,-0.02168274,0.022720337,-0.005443573,-0.0070495605,0.010932922,0.016967773,-0.006828308,0.013290405,0.00010174513,-0.013923645,-0.008796692,0.017837524,0.012741089,-0.020126343,-0.04144287,0.022399902,0.052978516,0.015357971,-0.012229919,-0.02772522,-0.019989014,-0.04711914,-0.015357971,0.0024585724,0.010124207,-0.02305603,-0.024002075,0.0184021,0.010643005,0.02078247,0.018066406,-0.02619934,-0.021026611,0.030792236,-0.008644104,0.003835678,-0.0029125214,-0.010734558,0.0060768127,0.029022217,0.0068359375,0.01638794,0.014083862,0.010627747,-0.00031971931,-0.020095825,-0.0050849915,0.0077934265,-0.0025939941,-0.003004074,0.014907837,0.022247314,0.014953613,0.004798889,-0.01625061,0.0025234222,0.011306763,0.013092041,0.013999939,-0.007835388,0.00573349,-0.017211914,-0.006336212,-0.0037593842,0.01914978,-0.002407074,-0.016860962,0.014823914,0.011108398,-0.06210327,-0.025619507,0.001791954,-0.0059165955,-0.025390625,0.0184021,0.00067710876,-0.03326416,0.016723633,-0.0017995834,0.016601562,-0.010398865,0.008758545,0.008201599,0.007736206,0.006462097,-0.031173706,-0.017288208,0.024597168,-0.0066947937,-0.0047836304,-0.011047363,-0.0030441284,-0.024642944,0.014404297,-0.0019483566,-0.00819397,0.00061798096,-0.026550293,0.017608643,0.036468506,-0.015808105,-0.00026607513,0.02947998,0.016952515,0.0184021,0.00566864,-0.06427002,-0.0017385483,-0.0050621033,0.004699707,0.030532837,-0.015068054,0.008071899,-0.014839172,0.04373169,0.03161621,0.016937256,-0.011291504,0.0019569397,-0.011398315,0.008636475,-0.0050964355,0.013618469,0.032104492,-0.026062012,-0.00027132034,0.016479492,-0.0039711,0.0446167,-0.028656006,0.007949829,0.027923584,0.03768921,-0.014640808,-0.0069618225,-0.0129470825,-0.012145996,0.052764893,0.017471313,0.0030879974,-0.0008382797,-0.015792847,0.020614624,0.0012054443,0.015808105,0.017333984,0.0048217773,0.010284424,0.0047454834,-0.020965576,-0.0012168884,0.024795532,-0.030303955,0.015052795,-0.015602112,0.017959595,0.00806427,-0.014709473,0.016143799,0.017822266,-0.017700195,0.0005168915,-0.014953613,-0.023880005,0.03036499,-0.034301758,-0.0032424927,-0.025894165,-0.017089844,0.0068092346,0.00032496452,-0.0010633469,-0.010322571,-0.020614624,-0.03817749,0.0019741058,0.0038280487,0.016906738,0.020462036,0.0024375916,-0.01335144,0.003063202,0.007873535,-0.0036945343,-0.00033044815,0.03668213,-0.007686615,-0.007446289,-0.0035305023,-0.013031006,-0.0044441223,-0.0013999939,-0.013336182,0.0011253357,-0.011726379,0.014778137,-0.018188477,0.0345459,-0.0055389404,0.014541626,-0.01109314,0.0234375,-0.007835388,0.0039405823,-0.005870819,0.002702713,0.0069885254,-0.011703491,0.006996155,-0.028457642,0.0289917,-0.010848999,0.01234436,-0.019592285,-0.012336731,0.0053138733,-0.025802612,-0.005645752,0.006450653,0.0036525726,0.014266968,0.04736328,0.0042686462,0.0016918182,0.0028038025,0.0024681091,-0.031173706,0.0061836243,0.010543823,1.9311905e-05,0.0010347366,-0.011909485,0.005218506,0.0035362244,0.037078857,-0.019119263,0.0069236755,-0.04360962,0.0052261353,0.0026798248,0.00045204163,-0.0008215904,0.00052785873,-0.017349243,0.011726379,-0.0035820007,-0.031585693,-0.010017395,0.0006971359,-0.00390625,-0.00015556812,0.015426636,0.0026168823,-0.005531311,-0.008338928,-0.023544312,-0.020324707,-0.010124207,0.020767212,0.015655518,-0.012840271,-0.00021982193,0.010017395,0.012428284,-0.0056877136,-0.0005569458,-0.0051994324,-0.009414673,-0.0025177002,-0.029449463,-0.00019621849,-0.026626587,0.007949829,-0.0056266785,-0.012992859,-0.0065994263,0.042663574,-0.007549286,-0.0079193115,-0.011222839,-0.0075912476,-0.010955811,0.0082473755,-0.038024902,-0.0036582947,-0.0041007996,-0.020767212,-0.012046814,-0.01020813,-0.018951416,-0.009002686,-0.016174316,0.010177612,-0.0059814453,-0.0055389404,-0.004562378,0.034454346,-0.0025520325,-0.00058984756,0.027053833,0.019424438,0.017471313,-0.017715454,0.015777588,-0.019439697,-0.011138916,0.002035141,-0.011795044,-0.0016002655,0.0124053955,0.004886627,0.0018110275,0.008460999,-0.0033092499,0.011886597,-0.0028743744,-0.008735657,-0.00434494,-0.012588501,-0.010276794,0.0034179688,0.020080566,0.0062294006,0.031677246,0.0095825195,0.0084991455,0.016723633,0.007369995,0.012908936,-0.011001587,0.028625488,-0.018997192,0.01625061,0.043151855,-0.028839111,0.00062942505,-0.01272583,-0.007217407,0.009437561,0.02923584,0.011505127,-0.00030636787,-0.0006546974,0.021850586,0.010932922,-0.016403198,-0.023101807,-0.003396988,0.002653122,-0.030944824,0.03338623,0.009887695,-0.0064697266,0.004211426,0.0309906,0.014953613,-0.02658081,-0.009246826,0.05670166,0.020584106,-0.002998352,0.0016260147,-0.004283905,-0.020492554,-0.010536194,0.017669678,-0.014289856,0.007118225,0.0062828064,-0.026931763,-0.009857178,-0.0078125,0.0004234314,0.0003004074,-0.015213013,0.013153076,0.0020008087,-0.010757446,0.015037537,-0.0023517609,-0.013710022,0.010070801,-0.0019359589,-0.013633728,-0.002632141,-0.011695862,-0.0051231384,0.014144897,-0.0018749237,-0.014144897,-0.017318726,-0.009674072,0.008560181,-0.008644104,-0.0051116943,0.014175415,-0.014671326,0.005027771,0.013092041,0.0012369156,0.0023117065,-0.0035915375,0.00024795532,0.0067214966,0.0044937134,-0.028945923,0.011352539,0.0087509155,-0.015342712,-0.007686615,0.021209717,-0.009933472,-0.010482788,0.0037498474,-0.013298035,0.024627686,0.018157959,-0.018432617,-0.028366089,0.0060195923,-0.009170532,0.017684937,0.0035133362,0.014595032,-0.006549835,-0.0016241074,-0.030883789,0.0025787354,0.013442993,-0.011291504,0.009315491,-0.020950317,0.0013599396,-0.02078247,-0.03466797,-0.019042969,0.013420105,0.018951416,0.018096924,-9.000301e-06,0.0019664764,-0.007293701,0.02482605,-0.0076560974,0.0077209473,0.01348114,0.014060974,-0.010856628,0.0051498413,-0.0037555695,0.020568848,-0.004146576,0.03111267,-0.036956787,0.014282227,0.029449463,-0.015525818,0.0104904175,-0.030273438,0.012229919,0.0029621124,0.01108551,0.002948761,-0.019821167,0.0058670044,-0.01979065,-0.0024166107,-0.009719849,-0.007194519,-0.0020542145,0.029678345,0.0038604736,0.0020313263,-0.002521515,-0.0141067505,0.018707275,0.03878784,0.0038967133,0.0023841858,0.0066871643,0.013496399,-0.0021076202,-0.004135132,0.009674072,-0.0011920929,-0.013450623,-0.0016489029,-0.013595581,0.0077056885,-0.0026950836,0.009887695,-0.009361267,0.0011672974,0.00868988,0.0082092285,0.0016965866,-0.010620117,-0.00059223175,-0.008613586,0.014984131,0.0005598068,0.011917114,0.016098022,-0.009788513,0.020217896,0.012763977,-0.002779007,-0.01374054,0.0025672913,-0.018737793,-0.019943237,-0.0034255981,-0.013267517,0.014389038,0.008934021,-0.014549255,-0.0002837181,-0.0021820068,0.012809753,0.004673004,-0.039154053,0.0050582886,-0.019714355,-0.016586304,0.0008773804,-0.015541077,0.005519867,-0.00819397,8.8870525e-05,-0.001865387,-0.0126571655,0.003162384,-0.011543274,0.016784668,-0.010383606,-0.0009417534,-0.002878189,0.0085372925,0.008323669,-0.004562378,-0.038879395,-0.01499939,0.017929077,0.001742363,-0.0065078735,-0.0002799034,0.0012340546,-0.00036239624,-0.023635864,0.0069389343,0.012802124,-0.0038967133,-0.006793976,0.019302368,-0.022018433,0.002910614,0.01651001,0.012863159,-0.0010623932,0.0044441223,-0.019714355,-0.0013179779,-0.007247925,-0.009002686,0.010421753,0.0038967133,0.010627747,-0.010040283,0.02168274,0.014884949,0.015617371,0.007205963,0.00315094,-0.008087158,-0.018081665,-0.02784729,-0.031021118,-0.01184082,0.0017299652,-0.018798828,0.004753113,0.014518738,0.013153076,0.026733398,0.016967773,0.009346008,0.0015239716,-0.009788513,-0.027496338,0.033294678,-0.01751709,0.032806396,-0.008399963,-0.006336212,-0.014122009,-0.030426025,0.01083374,-0.022857666,0.013656616,0.017745972,0.0012636185,-0.011070251,0.0006546974,-0.0109939575,-0.0093688965,0.021270752,0.007648468,-0.01966858,-0.0110321045,0.013908386,0.00062799454,-0.012672424,-0.0027179718,0.000647068,0.020935059,-0.011726379,0.007949829,-0.00094366074,-0.004398346,0.0013818741,-0.015556335,0.008323669,-0.021011353,0.0110321045,0.0068969727,-0.009101868,0.0052871704,-0.0005145073,0.013900757,-0.0069999695,-0.0035362244,-0.013420105,-0.0012016296,0.022903442,-0.028808594,-0.003921509,-0.013313293,0.013221741,0.010719299,0.012802124,-0.004295349,-0.019317627,-0.0009460449,0.00283432,0.003955841,0.019241333,-0.0023212433,-0.005191803,-0.0096206665,-0.0018262863,0.01663208,0.024612427,0.0053634644,0.00070238113,-0.0029029846,-0.030075073,0.0011577606,-0.026473999,-0.0046310425,0.023132324,-0.007133484,-0.021591187,0.025665283,0.0019664764,-0.014144897,0.021392822,-0.022445679,-0.0011510849,0.0068092346,0.001159668,0.0110321045,0.026916504,0.010925293,-2.2470951e-05,-0.00072050095,-0.021530151,-0.017150879,-0.01852417,0.0064201355,0.021911621,-0.015838623,0.016311646,-0.008125305,-6.0796738e-06,-0.01146698,0.006702423,-0.020141602,-0.003917694,-0.0020370483,0.006401062,0.0032730103,-0.0121536255,-0.0034999847,0.016799927,-0.016052246,0.0061836243,-0.0029239655,0.014129639,-0.013023376,0.027877808,-0.028533936,0.0096588135,0.028442383,0.014328003,-0.035217285,-0.016448975,0.0006828308,-0.014472961,-0.021942139,0.0046844482,0.0015716553,0.008155823,-0.009544373,-0.0049705505,0.013320923,0.0017356873,-0.00061511993,0.03717041,0.0072631836,0.0040664673,-0.019805908,0.0072021484,0.009811401,0.010231018,0.006996155,0.009147644,0.0063323975,-0.025650024,-0.008590698,0.005340576,-0.02758789,0.015975952,0.020355225,0.004989624,0.021987915,0.015136719,-0.030136108,0.0073432922,-0.011260986,-0.006465912,-0.014144897,-0.008232117,-0.02798462,0.008094788,-0.001625061,-0.00680542,-0.0026187897,-0.0013532639,0.010169983,-0.0049476624,0.0010919571,-0.005542755,0.008033752,-0.017242432,0.020553589,-0.013290405,0.0018196106,0.017150879,-0.008460999,1.9848347e-05,0.0146484375,0.0101623535,-0.0025634766,0.0036945343,-0.0110321045,-0.027130127,-0.020385742,-0.0099487305,-0.016845703,-0.008041382,0.0012836456,0.0039634705,-0.008720398,0.0077705383,0.022277832,0.017501831,0.0026798248,0.008674622,-0.0012559891,-0.0031147003,0.0009083748,-0.012298584,0.028411865,0.010391235,-0.023773193,0.0061836243,-0.014671326,0.00381279,-0.01108551,0.009170532,-0.0031051636,-0.008895874,0.007686615,-0.0068130493,0.009407043,0.014198303,0.007446289,-0.0041160583,-0.024230957,-0.0024166107,-0.00248909,0.022537231,0.012184143,0.0102005005,-0.003458023,0.04067993,0.0039520264,0.008110046,0.0054092407,0.020217896,0.007633209,0.010032654,0.019622803,-0.004497528,-0.007698059,-0.007381439,-0.011604309,-0.020690918,-0.009117126,-0.009338379,-0.022705078,-0.0022583008,0.0124435425,-0.010726929,-0.005443573,0.009384155,-0.016464233,0.0013866425,-0.0056991577,-0.021148682,0.0032024384,0.0043296814,0.014854431,-0.014480591,0.0061683655,-0.0035324097,0.0057373047,-0.0009202957,0.019454956,-0.0061302185,-0.0030136108,-0.00806427,0.014289856,-0.01625061,0.0015172958,-0.011711121,-0.0045318604,-0.00894928,0.009315491,0.0031337738,-0.010169983,0.013053894,-0.0075912476,0.018127441,0.009063721,0.0027770996,-0.008148193,-0.010917664,-0.0025997162,0.017654419,-0.017150879,0.0037212372,0.0071144104,0.004550934,-0.0107421875,0.007972717,0.015930176,0.003774643,0.0126571655,-0.0036392212,0.027160645,0.030822754,0.003112793,0.010032654,-0.0044670105,0.007381439,0.0014286041,0.021591187,0.012588501,0.008392334,-0.0012016296,-0.0007953644,-0.005874634,-0.0029716492,0.011138916,0.01802063,-0.0023174286,-0.00944519,-0.007949829,0.0033550262,-0.013641357,-0.0024700165,-0.004634857,-0.0178833,0.012611389,-0.008522034,-0.023880005,-0.017089844,0.0032520294,-0.0013380051,-0.034362793,-0.006706238,0.01184845,-0.017745972,0.02468872,-0.0049743652,-0.018676758,0.024993896,-0.025100708,0.0044174194,0.0055656433,-0.0023880005,0.008972168,-0.01133728,-0.010772705,0.011260986,0.0061836243,-0.0058135986,0.012252808,0.0026893616,-0.013763428,0.010543823,0.012931824,0.013183594,0.00409317,-0.005378723,0.010177612,-0.011543274,0.0088272095,0.0008177757,0.00894165,-0.020111084,-0.009239197,-0.004005432,0.0016918182,-0.013793945,-0.014762878,-0.010261536,-0.017669678,-0.008079529,-0.012840271,0.008796692,-8.660555e-05,-0.0046043396,0.033569336,0.012802124,-0.008811951,-0.021530151,0.0062332153,-2.026558e-05,0.005115509,-0.011726379,-0.024856567,0.0007452965,-0.01436615,-0.001619339,-0.0070114136,-0.020401001,-0.0037174225,-0.01084137,0.01448822,0.0110321045,-0.001791954,-0.0068244934,-0.018005371,0.00043153763,0.003112793,0.005847931,-0.01928711,-0.017959595,0.028778076,-0.01423645,0.007785797,0.0015096664,0.014564514,-0.0074272156,0.026977539,-0.015686035,-0.0011711121,-0.0048332214,0.0012340546,-0.015296936,0.0025291443,0.01083374,-0.008010864,-0.0013475418,-0.010604858,-0.0060768127,0.014297485,0.015327454,0.018508911,0.01084137,0.00086450577,-0.014183044,0.025161743,-0.003353119,-0.0014772415,-0.019439697,0.0102005005,-0.0007505417,0.028656006,0.011680603,-0.007461548,-0.0021629333,0.002122879,0.012336731,0.00094270706,-0.0016803741,-0.016342163,0.012260437,-0.0005412102,-0.010848999,-0.0042533875,-0.0017967224,-0.01977539,-0.0022945404,-0.0064735413,0.005207062,0.013656616,0.010696411,0.01335907,0.019561768,-0.0287323,0.007827759,-0.012794495,-0.0005002022,-0.005001068,0.007598877,-0.002445221,0.0007581711,0.010284424,-0.0070724487,-0.003660202,-0.014678955,0.0031013489,0.006565094,-0.015686035,-0.031143188,0.0033073425,-0.008003235,0.0032615662,-0.002281189,0.0024967194,-0.01939392,0.03488159,0.0110321045,-0.00014781952,0.017120361,0.0021572113,-0.016540527,-0.012550354,-0.0018186569,-0.0096588135,0.021209717,0.019134521,-0.0047569275,0.004234314,0.0073394775,-0.016052246,-0.002576828,-0.024536133,-0.011810303,0.018508911,-0.011924744,0.011688232,0.009208679,-0.006767273,-0.022903442,-0.018371582,0.0011758804,-0.0052948,0.012817383,-8.016825e-05,-0.0038433075,-0.00058221817,-0.02973938,-0.010574341,0.013252258,0.0015048981,0.013175964,0.0048675537,0.040527344,-0.014595032,0.019851685,0.014282227,-0.0066452026,-0.02230835,0.01625061,-0.002714157,0.010375977,0.01108551,-0.017547607,0.0017156601,-0.013038635,0.008201599,-0.012260437,-0.02684021,-0.013725281,0.0019464493,0.020462036,0.008049011,0.016174316,-0.021194458,0.0022850037,0.004081726,-0.032348633,0.0006546974,-0.020263672,-1.2755394e-05,0.007511139,-0.00806427,0.015037537,0.015792847,-0.0010213852,0.0036315918,0.011375427,-0.019714355,0.0012311935,0.0074539185,-0.0056762695,-0.011695862,0.009887695,-0.0056533813,-0.020126343,-0.014724731,-0.029785156,0.012428284,-0.01600647,-0.010040283,-0.004837036,0.006378174,0.0027446747,-0.0037631989,0.014511108,-0.01360321,0.014289856,-0.019454956,-0.0063705444,-0.01473999,0.0030879974,-0.0024871826,-0.011024475,0.00076436996,0.011383057,0.015472412,-0.020324707,-0.008666992,0.021820068,-0.025497437,0.0065345764,0.016418457,-0.0032539368,-0.0041503906,0.022766113,0.00554657,0.013587952,0.021148682,0.019363403,0.00015091896,-0.011329651,0.0012140274,0.010932922,-0.018493652,-0.006126404,0.0018062592,-0.0021953583,0.017822266,-0.0008459091,-0.011184692,0.0038604736,0.03149414,-0.0025253296,0.011245728,-0.0047721863,-0.01651001,-0.008270264,0.012756348,0.022903442,0.010124207,0.025146484,0.0037670135,0.014175415,-0.001241684,-0.0068855286,-0.0025730133,0.012687683,-0.0014858246,0.009109497,0.0035953522,0.0023536682,0.020568848,0.009246826,-0.009056091,0.0066108704,-0.008895874,0.0050735474,0.0115737915,-0.008514404,-0.011711121,-0.009513855,-0.0009303093,-0.01158905,0.010116577,0.041931152,-0.006729126,-0.00048470497,-0.00022482872,0.033172607,0.025924683,0.00035214424,0.013023376,-0.032104492,-0.0009813309,0.005962372,0.018051147,0.017974854,0.0022640228,-0.012329102,-0.00566864,0.0022125244,-0.008346558,-0.010414124,-0.0073776245,0.0043029785,0.0010547638,-0.017486572,-0.011543274,0.012535095,0.0070724487,0.010528564,0.02243042,-0.012283325,0.013328552,0.004699707,0.004283905,0.020858765,-0.00084877014,-0.008613586,0.019454956,0.009391785,-0.013938904,0.0029830933,0.01739502,0.0035934448,0.0024909973,0.008628845,-0.0022449493,-0.017074585,-0.015182495,-0.0027923584,-0.007217407,0.00198555,-0.00019490719,-0.01802063,0.016296387,0.009460449,0.012199402,-0.014282227,-0.009613037,0.011413574,-0.003824234,0.015068054,0.011169434,0.03010559,-0.00095176697,-0.018005371,0.001991272,0.009635925,0.011474609,-0.029769897,0.009147644,-0.014175415,0.012878418,-0.00024437904,0.0032787323,-0.008842468,0.0033168793,0.016311646,0.0041656494,0.02532959,-0.01651001,0.007972717,0.021209717,-0.011917114,-0.0013246536,0.0025196075,0.002588272,0.002544403,0.017303467,0.019073486,-0.032470703,-0.0021324158,-0.017654419,-0.0066223145,-0.0033397675,0.009124756,0.0010795593,-0.00012141466,0.002588272,0.019256592,0.023361206,0.0051651,0.026931763,-0.0058135986,0.01424408,0.007259369,0.017196655,0.011993408,0.02192688,0.028457642,0.00076436996,0.012138367,0.0028820038,0.0138549805,-0.0021800995,0.0036392212,0.004169464,0.0033454895,0.010826111,0.012008667,0.007873535,-0.00868988,-0.003314972,0.016204834,0.0023937225,0.0058517456,-0.0112838745,0.014533997,0.00013029575,0.0066108704,-0.07006836,-0.0032749176,-0.025878906,-0.03768921,-0.012504578,-0.016204834,0.01322937,-0.010673523,0.034606934,0.01777649,-0.0033683777,0.0032749176,-0.010009766,0.008888245,-0.00390625,-0.011360168,-0.0042877197,-0.0052986145,0.0004503727,-0.0037384033,-0.0032234192,-0.041107178,-0.013000488,0.012283325,0.019561768,0.0070533752,0.00422287,0.0132369995,0.025634766,-0.04196167,-0.008605957,0.017028809,-0.010871887,0.013618469,0.00045251846,0.0073394775,1.3768673e-05,-0.013244629,0.016723633,-0.0013561249,0.008674622,0.0061683655,-0.021347046,0.0069236755,-0.008781433,0.030456543,0.021987915,-0.031051636,-0.0034618378,-0.00504303,0.040893555,0.0014925003,0.010719299,-0.0027008057,0.0054359436,-0.013290405,-0.008049011,-0.008300781,0.01979065,0.011260986,0.010002136,-0.024047852,-0.031204224,0.01537323,0.012710571,0.004524231,0.024291992,-0.0020332336,-0.016921997,0.014587402,0.003993988,-0.019134521,0.0030269623,-0.034210205,-0.0042037964,-0.0036067963,0.031707764,-0.00025057793,0.01159668,-0.011459351,-0.013710022,0.029418945,0.0033435822,0.0012197495,-0.022476196,0.0055732727,-0.014480591,-0.002483368,0.020446777,-0.0041770935,0.018615723,-0.005657196,0.004814148,-0.015617371,-0.010063171,0.016647339,0.00012207031,0.0010766983,0.0113220215,0.019180298,0.018981934,0.025863647,-0.0038928986,-0.0023117065,0.0015363693,-0.00070142746,-0.011512756,0.018676758,0.0037841797,0.026138306,-0.016311646,8.302927e-05,-0.005054474,0.0021743774,0.003791809,-0.0024414062,-0.00881958,-0.001499176,-0.0052948,-0.031463623,-0.0035743713,-0.0014810562,-0.025039673,-0.0048675537,-0.0015697479,0.012718201,0.014083862,0.014656067,0.002161026,0.027526855,-0.0017948151,-0.0023231506,0.014465332,0.016906738,-0.00340271,0.012802124,0.010108948,3.2901764e-05,-0.012870789,0.014289856,-0.021362305,0.008636475,-0.007083893,-0.02142334,0.010543823,-0.0022010803,0.005718231,0.0026798248,-0.02053833,0.013366699,-0.019683838,0.0010566711,-0.015586853,0.01864624,-0.008377075,0.021408081,-0.014549255,-0.037963867,-0.0060310364,-0.0009975433,-0.00932312,0.007575989,-0.0015363693,-0.012123108,-0.013244629,0.016357422,0.0025577545,0.0033435822,-0.0129470825,-0.012001038,0.0028820038,0.023956299,0.021087646,0.029968262,-0.0154953,0.005054474,0.00440979,0.0027313232,-0.014015198,-0.0056533813,0.006324768,-0.017608643,-0.001991272,0.0055007935,0.00081920624,0.011169434,0.005493164,-0.011726379,0.013946533,-0.0090789795,-0.011314392,-0.005355835,-0.00013399124,-0.006362915,0.00042557716,0.017700195,0.0033855438,0.017837524,0.007534027,-0.014030457,-0.009170532,-0.007621765,0.013412476,0.02796936,0.0071258545,-0.015716553,0.00048661232,0.027786255,0.016738892,0.013343811,-0.0050239563,-0.0029716492,0.011856079,-0.0047683716,0.026412964,0.0012493134,0.008804321,0.024093628,0.009094238,-0.004055023,-0.017730713,0.011909485,-0.01411438,0.015312195,0.012542725,-0.012886047,-0.014572144,0.016815186,-0.0064582825,-0.007209778,0.0006556511,0.005218506,-0.0036888123,-0.01979065,0.011207581,0.036865234,0.0020713806,0.014038086,-0.0146484375,-0.020355225,0.0031051636,0.03768921,-0.008346558,0.010147095,0.00092220306,-0.00065898895,0.024978638,0.021972656,0.021331787,-0.00061798096,0.013664246,-0.013633728,-0.007686615,0.026367188,0.005290985,-0.00365448,-0.021438599,-0.011550903,-0.0023841858,-0.024917603,0.005065918,-0.0016269684,0.016616821,0.0007982254,0.01209259,0.008026123,0.0052337646,0.00308609,-0.0037822723,-0.0053482056,-0.0076789856,0.0060539246,0.019256592,-0.02633667,0.026184082,-0.0107421875,0.016052246,-0.01802063,0.005455017,0.006389618,0.009216309,-0.018676758,0.0038776398,-0.021499634,0.0016736984,-0.013259888,-0.01222229,0.0088272095,0.0015668869,-0.034118652,0.011070251,-0.0043144226,-0.018249512,0.005542755,0.038146973,0.008003235,-0.003370285,0.019119263,-0.012481689,0.020446777,-0.008392334,0.0033817291,-0.013671875,0.0024318695,-0.034057617,0.012191772,0.012214661,0.026168823,0.009513855,-0.016296387,0.009857178,0.011314392,0.010635376,-0.014633179,-0.012321472,-0.011604309,-0.033111572,-0.00065135956,-0.0011873245,0.005706787,0.011856079,0.012634277,0.0070724487,0.007896423,-0.005455017,-0.0014772415,-0.011756897,-0.013954163,0.0060920715,0.01210022,0.018951416,0.034484863,-0.019683838,0.005191803,-0.018218994,0.0057258606,-0.019699097,-0.0107421875,0.0047454834,0.023345947,0.010772705,0.0070228577,0.0013561249,0.0019264221,0.014762878,-0.018569946,-0.0027580261,0.022277832,-0.016082764,0.0041885376,0.022766113,-0.0048179626,-0.015701294,0.016403198,-0.0154418945,-0.0019359589,0.015197754,-0.017791748,-0.0069122314,0.013328552,0.008583069,-0.004611969,-0.017974854,0.02319336,-0.012008667,0.0141067505,-0.011360168,0.011795044,-0.004383087,-0.015701294,-0.013587952,-0.013885498,0.009101868,-0.0051727295,-0.00035333633,0.0025863647,-0.016708374,0.0044059753,-0.014305115,0.0024032593,0.03677368,0.019226074,-0.019927979,0.0056495667,-0.010017395,0.010978699,-0.0101623535,-0.005970001,-0.005783081,-0.009635925,0.013130188,0.0053863525,0.012901306,0.0073165894,-0.0013532639,-0.0011177063,0.0013246536,0.0076560974,0.011451721,-0.012062073,-0.0118637085,-0.008728027,-0.03744507,0.0066337585,-0.01689148,0.018310547,-0.0047302246,0.025848389,0.014907837,0.02041626,0.0019874573,-0.009773254,0.0023708344,0.006462097,0.02128601,0.023010254,-0.0015659332,0.0010585785,0.0058670044,-0.0004515648,-0.012481689,-0.011260986,0.033081055,0.0033187866,-0.008071899,-0.00995636,0.0013160706,-0.0046958923,-0.015991211,-0.029052734,0.0029392242,-0.0008020401,-0.0007414818,0.028900146,0.007850647,-0.016693115,0.0031700134,-0.013572693,-0.0036945343,-0.017166138,-0.013534546,-0.019714355,-0.015113831,0.0005311966,-0.030883789,0.02558899,-0.030303955,-0.012184143,0.017791748,0.006816864,-0.0256958,-0.010498047,-0.00762558,-0.018737793,-0.0036525726,-8.785725e-05,0.010643005,0.01626587,0.009124756,-0.03149414,0.0032958984,-0.014480591,0.02268982,-0.014457703,-0.009429932,0.019226074,0.003873825,-0.013595581,-0.012199402,-0.0021800995,-0.00081682205,0.017532349,-0.002603531,0.014839172,0.008102417,-0.028930664,-0.00724411,0.016342163,-0.005050659,0.0066490173,-0.01210022,0.0018911362,0.010169983,-0.0068626404,0.016952515,-0.0036125183,-0.01626587,-0.025726318,-0.015586853,0.00017535686,0.012329102,0.0012454987,0.009391785,0.024108887,0.012680054,0.009887695,0.03552246,0.04055786,0.01423645,0.0050811768,0.01360321,0.004180908,0.0033473969,0.017456055,-0.001964569,-0.020385742,0.0001809597,-0.007041931,0.026489258,0.0017261505,0.009635925,0.012321472,-0.00083351135,0.025161743,-0.01626587,0.0008196831,-0.03378296,-0.006427765,0.0018339157,0.0057029724,-0.0007801056,0.022415161,0.0107803345,-0.01789856,0.011978149,-0.001950264,0.0035648346,-0.027618408,0.008476257,0.009613037,-0.014045715,0.0256958,-0.014129639,0.004966736,-0.0025634766,-0.018997192,-0.0051193237,0.0047302246,0.034942627,0.01247406,-0.027908325,0.001745224,0.024169922,-0.037017822,-0.019226074,0.013145447,0.003276825,-0.010169983,0.010574341,-0.002275467,0.014328003,-0.015701294,-0.013160706,-0.022125244,0.014884949,-0.014442444,0.013839722,-0.0069503784,-0.007534027,-0.022384644,0.020736694,-0.02671814,-8.994341e-05,0.012756348,0.010597229,-0.00016593933,-0.0078125,-0.025558472,-0.0031166077,0.003643036,-0.023147583,0.019561768,-0.015792847,0.01473999,-0.0056495667,0.008407593,-0.007926941,-0.008132935,0.0047035217,0.0012340546,-0.01285553,-0.021392822,-0.004096985,0.0115737915]'::halfvec(3072))
        Buffers: shared hit=336
Planning:
  Buffers: shared hit=27
Planning Time: 0.522 ms
Execution Time: 1.493 ms
